2.000000 0.260000 0.180000 
2.000000 0.260000 0.180000 
2.000000 0.262145 0.181485 
1.731823 0.264867 0.206766 
1.005822 0.251456 0.209546 
0.868732 0.233075 0.233075 
0.805166 0.233075 0.254263 
0.800534 0.210667 0.273867 
0.871342 0.186716 0.269701 
1.143395 0.163342 0.285849 
2.000000 0.160880 0.281540 
2.000000 0.140005 0.300010 
2.000000 0.141012 0.302169 
1.444487 0.165084 0.309533 
0.941838 0.192649 0.299676 
0.710760 0.222113 0.288746 
0.547952 0.251145 0.273976 
0.507477 0.276806 0.253739 
0.479408 0.296777 0.228290 
0.532641 0.310707 0.199740 
0.598258 0.299129 0.170931 
0.827167 0.310188 0.144754 
1.753607 0.322502 0.120938 
2.000000 0.320168 0.120063 
2.000000 0.325833 0.122187 
1.127013 0.340230 0.148851 
0.706365 0.341790 0.182288 
0.494057 0.345840 0.247029 
0.420640 0.341770 0.289190 
0.354814 0.327521 0.327521 
0.327521 0.327521 0.354814 
0.321087 0.294330 0.374602 
0.329719 0.253630 0.355082 
0.358933 0.215360 0.358933 
0.425425 0.179126 0.335862 
0.572980 0.148550 0.339544 
1.058683 0.122156 0.325749 
2.000000 0.100048 0.340164 
2.000000 0.100799 0.342717 
1.437207 0.124974 0.354094 
0.884293 0.154751 0.353717 
0.580493 0.193498 0.386995 
0.438182 0.273864 0.410796 
0.342609 0.342609 0.421672 
0.300553 0.400737 0.400737 
0.275507 0.450829 0.375691 
0.289122 0.420541 0.315406 
0.281503 0.394104 0.281503 
0.311325 0.389157 0.233494 
0.355432 0.355432 0.189564 
0.462771 0.330551 0.154257 
0.668346 0.334173 0.125315 
1.453264 0.343132 0.121105 
2.000000 0.340081 0.100024 
2.000000 0.345518 0.101623 
1.207536 0.360142 0.127109 
0.749264 0.363279 0.158935 
0.502532 0.376899 0.226140 
0.418203 0.418203 0.278802 
0.336694 0.440292 0.362594 
0.296226 0.419654 0.419654 
0.271541 0.394969 0.469025 
0.284215 0.335890 0.439241 
0.278113 0.278113 0.417170 
0.311521 0.233641 0.389401 
0.355586 0.189646 0.355586 
0.440862 0.154302 0.352689 
0.706922 0.124751 0.332669 
1.732414 0.120866 0.342454 
2.000000 0.100070 0.340237 
2.000000 0.101919 0.346525 
1.129012 0.127813 0.362136 
0.732718 0.160282 0.366359 
0.508557 0.228851 0.381418 
0.396881 0.310424 0.395085 
0.344449 0.344449 0.423937 
0.301892 0.402523 0.402523 
0.276734 0.452838 0.377365 
0.290647 0.422759 0.317069 
0.279688 0.419532 0.279688 
0.304316 0.380395 0.228237 
0.373188 0.349864 0.186594 
0.479728 0.348893 0.152641 
0.743642 0.330508 0.123940 
1.868560 0.341565 0.100460 
1.823428 0.340640 0.100188 
1.802827 0.348273 0.102433 
1.031891 0.365462 0.128986 
0.696453 0.371442 0.162506 
0.492564 0.388866 0.233320 
0.373775 0.400473 0.436078 
0.271896 0.436078 0.469638 
0.252185 0.353060 0.479152 
0.274841 0.274841 0.412261 
0.288866 0.236345 0.393908 
0.358411 0.191152 0.382305 
0.417304 0.153744 0.351414 
0.726106 0.124475 0.331934 
1.408809 0.100629 0.342139 
1.361390 0.100102 0.340347 
1.327055 0.102081 0.347076 
1.345975 0.128188 0.363200 
1.402966 0.160996 0.367991 
0.511747 0.230286 0.383810 
0.391721 0.279800 0.419701 
0.329770 0.380503 0.431237 
0.295298 0.418338 0.418338 
0.270689 0.467555 0.393730 
0.283165 0.437618 0.334649 
0.276819 0.415228 0.276819 
0.286840 0.391145 0.234687 
0.356682 0.356682 0.190230 
1.126507 0.353414 0.154619 
1.020085 0.333089 0.124908 
0.927140 0.342639 0.100776 
0.880476 0.340184 0.100054 
0.835022 0.346229 0.101832 
0.829452 0.361556 0.127608 
0.730931 0.365466 1.598912 
0.723112 0.319020 2.000000 
0.651725 0.285130 2.000000 
0.580314 0.260141 2.000000 
0.544191 0.262018 0.906985 
0.520452 0.291453 0.478816 
0.506339 0.308206 0.352236 
0.470219 0.335871 0.425436 
0.465811 0.372649 0.395939 
0.424018 0.400461 0.471131 
0.415745 0.440201 0.464656 
0.396828 0.471234 0.496036 
0.377595 0.503460 0.503460 
0.352422 0.478287 0.553806 
0.343739 0.370181 0.528830 
0.349178 0.322318 0.510337 
0.430507 0.263088 0.454424 
0.571391 0.197789 0.439532 
0.871646 0.166028 0.415070 
2.000000 0.140902 0.422706 
2.000000 0.140135 0.420404 
2.000000 0.142875 0.428625 
1.323953 0.170833 2.000000 
0.873324 0.206840 1.654718 
0.639010 0.281164 1.329141 
0.488177 0.379693 1.193321 
0.383685 0.527567 1.079115 
0.329649 0.813134 0.988946 
0.271066 1.313626 0.938304 
0.287888 0.885811 1.018682 
0.254349 1.186962 0.975005 
0.249952 0.840749 1.045255 
0.211958 1.229354 0.975005 
0.227229 0.863472 1.067978 
0.190762 1.292941 0.996200 
0.204506 0.908917 1.067978 
0.171437 1.285776 1.007191 
0.184839 0.901090 0.369678 
0.206017 0.721060 0.283274 
0.268930 0.591646 0.215144 
0.309851 0.524363 0.166843 
0.415811 0.503351 0.131309 
0.683134 0.476124 0.103505 
1.689110 0.482603 0.100542 
2.000000 0.480679 0.080113 
2.000000 0.490808 0.081801 
1.457212 0.492881 0.107148 
0.970404 0.531412 0.138629 
0.721060 0.566547 0.206017 
0.564753 0.618539 0.295823 
0.429025 0.715041 0.452859 
0.372042 0.919162 0.722199 
0.310515 1.449072 1.304164 
0.282972 1.414860 2.000000 
0.272336 1.131243 1.194090 
0.277026 0.895006 1.086793 
0.259035 0.470972 0.999991 
0.290902 0.470972 0.730007 
0.290902 0.261605 0.523209 
0.397225 0.210295 0.467323 
0.561379 0.172732 0.431830 
0.944722 0.143762 0.431286 
2.000000 0.120313 0.441149 
2.000000 0.120434 0.441590 
2.000000 0.144201 0.453202 
1.237204 0.151937 0.455812 
0.824201 0.211938 0.494521 
0.581804 0.290902 0.528912 
0.470888 0.392407 0.575530 
0.376285 0.564427 0.682016 
0.334792 0.691904 0.736543 
0.307235 0.855868 0.746141 
0.298247 0.734147 0.596494 
0.319946 0.590670 0.467614 
0.319394 0.558939 0.346010 
0.363993 0.493991 0.285995 
0.395474 0.465263 0.232632 
0.581243 0.430551 0.193748 
0.943124 0.430557 0.164022 
2.000000 0.420884 0.140295 
2.000000 0.421794 0.140598 
2.000000 0.433403 0.144468 
1.132229 0.457246 0.174189 
0.804362 0.473154 0.212919 
0.585555 0.505707 0.292778 
0.467991 0.545990 0.389993 
0.379689 0.616994 0.545802 
0.344010 0.688021 0.688021 
0.321076 0.596285 0.733889 
0.319794 0.467391 0.590389 
0.319194 0.372393 0.558590 
0.366698 0.288120 0.497662 
0.444349 0.233868 0.444349 
0.626527 0.194439 0.432087 
0.945044 0.164356 0.431433 
2.000000 0.140381 0.421142 
2.000000 0.140489 0.421466 
2.000000 0.144149 0.432447 
1.236445 0.173536 0.455532 
0.823455 0.211746 0.470546 
0.581071 0.290535 0.501834 
0.471469 0.392891 0.550047 
0.381627 0.524738 0.596293 
0.345497 0.667961 0.667961 
0.322464 0.714027 0.575828 
0.321668 0.593849 0.470131 
0.321651 0.562889 0.375260 
0.363697 0.493589 0.285762 
0.464992 0.441743 0.232496 
0.624055 0.430383 0.193672 
0.983912 0.430462 0.163985 
2.000000 0.420857 0.140286 
2.000000 0.421832 0.140611 
2.000000 0.433511 0.144504 
1.132708 0.457440 0.174263 
0.804861 0.473448 0.213051 
0.586060 0.506143 0.293030 
0.467611 0.545546 0.389675 
0.379476 0.616648 0.545496 
0.320924 0.641848 0.687694 
0.327878 0.562077 0.679176 
0.324367 0.449124 0.598832 
0.331318 0.358928 0.552197 
0.378438 0.277521 0.479355 
0.478180 0.227705 0.432639 
0.700414 0.191022 0.424493 
1.281701 0.162756 0.427234 
2.000000 0.140052 0.420155 
2.000000 0.141189 0.423567 
2.000000 0.166821 0.437906 
1.063094 0.199330 0.442956 
0.727534 0.242511 0.485023 
0.550906 0.330544 0.523361 
0.429833 0.429833 0.581538 
0.349139 0.605174 0.628450 
0.322346 0.667716 0.621667 
0.305956 0.658982 0.541307 
0.326435 0.577539 0.451987 
0.327941 0.546569 0.327941 
0.425837 0.505704 0.292776 
0.425837 0.473152 0.195962 
0.522566 0.412764 0.195962 
1.647004 0.421794 0.140598 
1.583326 0.420884 0.140295 
1.578710 0.430557 0.143519 
1.227072 0.452079 0.172221 
0.837476 0.465265 0.209369 
0.623991 0.493993 0.285996 
0.479088 0.532320 0.372624 
0.385835 0.602867 0.530523 
0.348716 0.627689 0.650937 
0.329153 0.564262 0.681816 
0.326001 0.451386 0.576771 
0.327366 0.354646 0.545610 
0.357262 0.280706 0.484856 
0.459111 0.229555 0.436155 
0.661469 0.192040 0.426755 
1.183329 0.163218 0.428447 
1.120980 0.140122 0.420367 
1.067081 0.140935 0.422806 
1.059033 0.145357 0.436072 
1.077863 0.175978 0.461941 
1.128612 0.240130 0.480260 
1.222746 0.326066 0.516270 
1.409036 0.435520 0.563614 
0.356927 0.571083 0.571083 
0.333132 0.618673 0.547288 
0.321697 0.593902 0.470172 
1.179525 0.562955 0.375304 
0.987056 0.519503 0.259752 
0.836912 0.488199 0.185981 
0.710089 0.473393 0.150625 
0.635422 0.471442 0.102487 
0.561138 0.460935 0.100203 
0.522276 0.462013 2.000000 
0.480975 0.460935 0.821666 
0.450945 0.471442 0.327960 
0.402257 0.482708 1.086094 
0.393539 0.497101 0.497101 
0.372826 0.497101 0.579951 
0.338175 0.528399 0.528399 
0.317039 0.528399 0.591807 
0.301517 0.559959 0.559959 
0.279980 0.559959 0.624570 
0.286271 0.572541 0.594562 
0.266454 0.599521 0.621726 
0.246399 0.559998 0.604798 
0.228271 0.479369 0.593505 
0.241386 0.410356 0.531049 
0.259501 0.337351 0.467101 
0.280264 0.280264 0.420396 
0.279364 0.228571 0.406348 
0.346057 0.184564 0.369127 
0.472707 0.150407 0.343787 
0.901628 0.122949 0.327865 
2.000000 0.100195 0.340663 
2.000000 0.100450 0.341530 
1.693386 0.103255 0.351068 
0.937248 0.130779 0.370540 
0.663434 0.189553 1.753362 
0.453442 0.240057 1.413671 
0.363262 0.337315 1.271418 
0.278757 0.511054 1.161487 
0.236575 0.752738 1.075341 
0.204915 1.475391 1.024577 
0.215068 0.795752 1.075341 
0.184424 1.557357 1.024577 
0.193561 0.860272 1.075341 
0.184424 1.659815 1.024577 
0.172054 0.903286 1.096847 
0.164014 1.660645 1.025090 
0.172207 0.968663 1.097818 
0.145485 1.371713 1.059960 
0.154201 0.837092 1.123466 
0.145485 1.371713 1.059960 
0.154201 0.903179 1.123466 
0.124701 1.434063 1.059960 
0.132172 0.903179 1.123466 
0.124701 1.434063 1.059960 
0.132172 0.903179 1.123466 
0.124701 1.434063 1.059960 
0.132172 0.903179 1.145495 
0.103918 1.434063 1.059960 
0.103918 2.000000 1.027189 
0.132172 0.947236 1.059960 
0.132172 1.189003 1.145495 
0.107560 1.075602 1.118626 
0.106176 1.231638 1.104227 
0.110773 0.908335 1.152035 
0.104283 1.459963 1.084544 
0.110773 0.908335 1.152035 
0.104283 1.459963 1.084544 
0.110773 0.908335 0.310163 
0.121309 0.703590 0.242617 
0.165372 0.551239 0.165372 
0.176518 0.479121 0.126084 
0.273151 0.432489 0.113813 
0.403177 0.403177 0.084879 
0.711972 0.386499 0.061026 
2.000000 0.380134 0.060021 
2.000000 0.403431 0.060515 
1.585102 0.396276 0.062570 
0.952644 0.420936 0.088618 
0.703590 0.436711 0.145570 
0.468553 0.468553 0.192934 
0.403470 0.554771 0.277386 
0.318676 0.660116 0.432490 
0.275858 0.933674 0.763915 
0.245129 1.470771 1.327780 
0.220904 1.445920 2.000000 
0.226920 1.113973 1.196489 
0.210255 0.841021 1.030251 
0.223758 0.514644 0.693650 
0.243702 0.365553 0.511774 
0.240520 0.293969 0.454315 
0.265407 0.238867 0.424652 
0.308570 0.189889 0.379778 
0.415578 0.153108 0.349960 
0.744985 0.124164 0.331105 
1.889946 0.100529 0.341799 
2.000000 0.100148 0.340504 
2.000000 0.102280 0.347750 
1.072003 0.128640 0.364481 
0.693655 0.161853 0.369949 
0.489795 0.232008 0.386680 
0.387883 0.277059 0.415589 
0.327466 0.377845 0.453415 
0.289416 0.458242 0.458242 
0.265298 0.482360 0.458242 
0.268844 0.464366 0.391045 
0.255357 0.459642 0.331964 
0.279431 0.419147 0.279431 
0.310140 0.387675 0.232605 
0.307231 0.378130 0.189065 
0.436262 0.349009 0.152692 
0.743779 0.330569 0.123963 
2.000000 0.341588 0.100467 
2.000000 0.340626 0.100184 
1.945927 0.348218 0.102417 
1.074586 0.365359 0.128950 
0.696161 0.371286 0.162438 
0.492275 0.388638 0.233183 
0.385380 0.412907 0.302799 
0.331554 0.433571 0.357058 
0.292442 0.438663 0.438663 
0.268072 0.414293 0.463033 
0.275766 0.376045 0.451254 
0.263131 0.315757 0.447323 
0.275449 0.275449 0.413173 
0.326104 0.225764 0.376274 
0.347214 0.185181 0.370361 
0.452163 0.150721 0.344505 
0.861607 0.123087 0.328231 
2.000000 0.100227 0.340772 
2.000000 0.100404 0.341374 
1.691254 0.103125 0.350626 
0.935254 0.130501 0.369752 
0.661363 0.188961 0.377922 
0.475585 0.237793 0.396321 
0.376367 0.322601 0.403251 
0.331003 0.381927 0.432851 
0.296280 0.419730 0.419730 
0.271590 0.469110 0.395040 
0.258432 0.465178 0.335962 
0.293232 0.435355 0.272097 
0.337360 0.399862 0.239917 
0.380157 0.361457 0.192777 
0.528307 0.338117 0.126794 
1.116427 0.345077 0.101493 
2.000000 0.340037 0.100011 
2.000000 0.343477 0.101023 
1.339628 0.355839 0.125590 
0.824445 0.356517 0.155976 
0.562652 0.391410 0.195705 
0.417963 0.417963 0.278642 
0.362790 0.440530 0.336876 
0.292037 0.486729 0.438056 
0.260858 0.474288 0.498002 
0.264098 0.408151 0.480178 
0.250068 0.350095 0.475130 
0.271799 0.271799 0.434878 
0.286783 0.234641 0.391068 
0.356634 0.190205 0.356634 
0.441728 0.154605 0.353382 
0.707775 0.124901 0.333071 
1.572070 0.100774 0.342631 
2.000000 0.100055 0.340186 
2.000000 0.101836 0.346242 
1.148552 0.127617 0.361581 
0.731009 0.159908 0.365504 
0.506886 0.228099 0.380164 
0.423273 0.283508 0.425262 
0.332856 0.358460 0.435273 
0.293402 0.440103 0.440103 
0.268952 0.464554 0.391203 
0.281026 0.434313 0.332121 
0.274190 0.411286 0.274190 
0.289552 0.394843 0.236906 
0.358994 0.358994 0.191464 
0.443673 0.354938 0.155286 
0.667957 0.333979 0.125242 
1.795924 0.343042 0.121074 
1.720488 0.340096 0.100028 
1.707867 0.345640 0.101659 
1.187160 0.360388 0.127196 
0.727320 0.363660 0.159101 
0.503277 0.377458 0.226475 
0.419068 0.419068 0.279379 
0.336045 0.439443 0.361894 
0.295749 0.418978 0.418978 
0.271104 0.394333 0.468270 
0.283675 0.335253 0.438408 
0.277448 0.277448 0.416172 
0.286214 0.234175 0.390291 
0.356146 0.189944 0.356146 
0.441325 0.154464 0.353060 
0.707377 0.124831 0.332884 
1.309742 0.120899 0.322398 
1.260774 0.100061 0.340209 
1.222491 0.101874 0.346372 
1.234504 0.127707 0.361837 
1.280648 0.160081 0.365899 
1.370678 0.228446 0.380744 
0.395898 0.311191 0.396061 
0.345141 0.345141 0.371691 
0.312862 0.391077 0.365005 
0.291945 0.424648 0.345026 
0.309775 0.394259 0.309775 
0.293192 0.399807 0.266538 
1.151334 0.367447 0.220468 
1.024420 0.364238 0.159354 
0.912514 0.360761 0.106106 
0.813710 0.366170 0.081371 
0.760272 0.360129 0.080029 
0.705988 0.363079 0.080684 
0.688230 0.375398 2.000000 
0.605132 0.342908 2.000000 
0.560200 0.340122 2.000000 
0.508569 0.345827 0.711996 
0.509310 0.381983 0.445646 
0.476083 0.389523 0.497723 
0.450586 0.428057 0.450586 
0.432166 0.454912 0.477657 
0.390589 0.482492 0.551420 
0.380034 0.522547 0.546299 
0.360738 0.553132 0.553132 
0.336689 0.529083 0.601230 
0.325729 0.451010 0.576291 
0.354257 0.381508 0.517760 
0.344355 0.317866 0.503288 
0.426717 0.237065 0.450424 
0.588715 0.196238 0.436085 
2.000000 0.165244 0.413109 
2.000000 0.140266 0.421923 
2.000000 0.140266 0.420797 
2.000000 0.171998 0.451496 
0.859082 0.208966 0.451496 
0.622311 0.285226 1.400200 
0.480465 0.373695 1.254547 
0.379304 0.545250 1.137913 
0.327064 0.828562 1.046605 
0.268521 1.528502 0.991461 
0.283455 0.937583 1.068409 
0.251614 1.300003 1.027422 
0.245776 0.871389 1.094822 
0.209678 1.362907 1.027422 
0.223433 0.916076 1.117166 
0.188710 1.488714 1.048390 
0.201090 0.960762 1.117166 
0.169534 1.356275 1.059590 
0.181731 0.954089 0.408895 
0.201156 0.754336 0.276590 
0.248946 0.608534 0.221285 
0.291895 0.535142 0.170272 
0.399499 0.510471 0.133166 
0.605518 0.480239 0.104400 
1.311807 0.464178 0.100908 
2.000000 0.480125 0.080021 
2.000000 0.487872 0.081312 
1.589385 0.508603 0.105959 
1.044955 0.522478 0.136298 
0.754336 0.553180 0.201156 
0.580873 0.580873 0.276606 
0.462168 0.705414 0.413519 
0.377305 0.865581 0.621443 
0.313199 1.315437 1.106637 
0.282543 1.473261 2.000000 
0.292319 1.169277 1.231917 
0.275931 0.933919 1.124948 
0.272632 0.567983 0.795176 
0.301789 0.402386 0.603579 
0.331852 0.304198 0.525432 
0.364809 0.243206 0.486412 
0.488221 0.199727 0.443837 
0.751625 0.167028 0.438448 
1.614480 0.141267 0.423801 
2.000000 0.140037 0.420112 
2.000000 0.142302 0.426907 
1.419969 0.148355 0.445065 
0.954212 0.204474 0.477106 
0.679026 0.251491 0.502982 
0.525432 0.331852 0.525432 
0.414086 0.462802 0.608950 
0.340111 0.657548 0.702896 
0.311605 0.756756 0.712241 
0.294658 0.747978 0.611982 
0.314744 0.653698 0.484221 
0.323314 0.538856 0.350257 
0.361749 0.490945 0.284232 
0.463212 0.463212 0.231606 
0.579528 0.429280 0.193176 
0.982494 0.429841 0.143280 
2.000000 0.420691 0.140230 
2.000000 0.422099 0.140700 
1.943761 0.434245 0.144748 
1.114084 0.458740 0.174758 
0.784444 0.475421 0.213939 
0.589455 0.509075 0.294727 
0.465106 0.542624 0.387588 
0.378072 0.614367 0.543478 
0.319918 0.639836 0.685538 
0.326737 0.560121 0.676813 
0.322908 0.447103 0.596138 
0.329250 0.356687 0.548750 
0.380670 0.279158 0.482182 
0.480177 0.228656 0.434446 
0.659762 0.191544 0.425653 
1.202058 0.162991 0.427851 
2.000000 0.140085 0.420254 
2.000000 0.141053 0.423160 
1.747762 0.145647 0.436941 
1.059301 0.176550 0.441375 
0.747915 0.241263 0.482526 
0.546991 0.328195 0.519642 
0.432755 0.432755 0.560036 
0.355248 0.592081 0.615764 
0.327687 0.631967 0.608561 
0.307839 0.671121 0.544638 
0.311592 0.671121 0.479372 
0.349696 0.593942 0.295897 
0.381424 0.511094 0.295897 
0.525300 0.437750 0.238390 
0.828102 0.434754 0.165620 
2.000000 0.422290 0.140763 
2.000000 0.420588 0.140196 
2.000000 0.429432 0.143144 
1.328493 0.449973 0.171418 
0.854742 0.462023 0.207910 
0.617912 0.514927 0.283210 
0.484195 0.564894 0.376596 
0.383032 0.646367 0.526669 
0.339306 0.723852 0.678612 
0.310944 0.710729 0.821780 
0.302907 0.559214 0.675717 
0.297445 0.446167 0.619677 
0.334552 0.334552 0.529707 
0.375114 0.275084 0.475145 
0.497838 0.226290 0.452580 
0.655305 0.169111 0.422777 
1.238415 0.142113 0.426340 
2.000000 0.140017 0.420051 
2.000000 0.141413 0.424240 
2.000000 0.146481 0.439442 
1.024528 0.178179 0.467719 
0.708976 0.244475 0.488949 
0.529216 0.334242 0.529216 
0.425481 0.450509 0.575651 
0.350802 0.608057 0.631444 
0.323801 0.647601 0.624472 
0.303991 0.678133 0.561213 
0.323723 0.597642 0.448232 
0.330404 0.550673 0.357938 
0.379414 0.480591 0.278237 
0.479053 0.433429 0.228121 
0.701249 0.424999 0.191250 
1.628579 0.427502 0.162858 
1.540718 0.420196 0.140065 
1.512090 0.423385 0.141128 
1.520757 0.437478 0.145826 
1.061415 0.442256 0.176903 
0.725877 0.483918 0.241959 
0.549173 0.521715 0.329504 
0.431110 0.557907 0.431110 
0.354247 0.614028 0.590411 
0.326812 0.606936 0.630279 
0.306972 0.543104 0.661170 
0.327840 0.453933 0.580025 
0.329808 0.329808 0.549680 
0.379127 0.278026 0.480228 
0.478796 0.227998 0.433197 
0.701003 0.191183 0.424850 
1.119441 0.162828 0.427423 
1.040455 0.140061 0.420184 
1.008186 0.141146 0.423438 
0.979397 0.145868 0.437603 
0.995537 0.176984 0.464584 
1.041117 0.242120 0.484241 
1.154327 0.329808 0.522196 
1.317540 0.430734 0.557421 
1.486874 0.590029 0.590029 
1.392469 0.684434 0.495625 
1.081972 0.580570 0.316675 
0.891307 0.550513 0.235934 
0.748832 0.538223 0.163807 
0.626783 0.497104 0.108066 
0.554831 0.493183 0.082197 
0.481341 0.501396 0.421173 
0.440024 0.500027 2.000000 
0.425965 0.507102 0.567954 
0.389060 0.511922 0.614306 
0.376615 0.543999 0.523076 
0.353921 0.541291 0.624566 
0.319133 0.553163 0.553163 
0.297857 0.574439 0.616990 
0.301758 0.581961 0.625070 
0.284312 0.612364 0.612364 
0.262442 0.612364 0.677974 
0.246636 0.560537 0.605379 
0.251367 0.525585 0.594139 
0.236021 0.424837 0.542848 
0.252030 0.352842 0.478858 
0.274617 0.274617 0.411926 
0.264869 0.238382 0.423791 
0.308171 0.189643 0.379287 
0.480806 0.152984 0.349677 
0.724976 0.124282 0.331417 
1.890646 0.120680 0.321812 
2.000000 0.122643 0.347489 
1.049139 0.128466 0.342576 
0.715316 0.184598 1.845978 
0.488396 0.231345 1.516597 
0.377270 0.323374 1.320445 
0.286437 0.453526 1.169618 
0.240976 0.679114 1.095345 
0.207136 1.180675 1.035680 
0.215298 0.775073 1.076491 
0.184535 1.496787 1.025197 
0.193768 0.839663 1.076491 
0.164031 1.578803 1.025197 
0.172239 0.882722 1.076491 
0.164108 1.579543 1.025677 
0.172381 0.948094 1.098927 
0.144894 1.469638 1.055655 
0.153170 0.875259 1.115956 
0.144894 1.469638 1.055655 
0.153170 0.919022 1.115956 
0.124195 1.552435 1.055655 
0.131289 0.919022 1.115956 
0.124195 1.552435 1.055655 
0.131289 0.919022 1.115956 
0.124195 1.552435 1.055655 
0.131289 0.962785 1.115956 
0.125425 1.337866 1.066112 
0.133414 0.889424 1.156251 
0.104521 1.400578 1.066112 
0.133414 0.889424 1.156251 
0.104521 1.400578 1.066112 
0.111178 0.889424 1.156251 
0.104521 1.400578 1.066112 
0.111178 0.889424 1.156251 
0.104521 1.400578 1.066112 
0.111178 0.889424 1.156251 
0.104521 1.400578 1.087016 
0.111178 0.889424 0.289063 
0.121948 0.682908 0.219506 
0.166576 0.527489 0.166576 
0.175500 0.476357 0.125357 
0.272037 0.430725 0.113349 
0.402107 0.402107 0.084654 
0.751618 0.385966 0.060942 
2.000000 0.380068 0.060011 
2.000000 0.383653 0.060577 
1.546907 0.397179 0.062712 
0.933895 0.422476 0.088942 
0.658519 0.439012 0.146337 
0.471964 0.471964 0.222101 
0.401143 0.501429 0.275786 
0.317376 0.657422 0.453395 
0.275126 0.973521 0.783050 
0.243975 1.443517 1.707823 
0.233181 0.805533 0.869128 
0.237735 0.669981 0.778043 
0.224916 0.494816 0.629765 
0.239593 0.383349 0.527104 
0.261080 0.287188 0.443835 
0.245402 0.245402 0.436271 
0.289736 0.193158 0.386315 
0.442138 0.154748 0.353711 
0.708181 0.124973 0.333262 
1.572461 0.100799 0.342716 
2.000000 0.100048 0.340165 
2.000000 0.101797 0.346110 
1.190241 0.127526 0.361323 
0.730213 0.159734 0.365107 
0.506108 0.227748 0.379581 
0.422364 0.281576 0.422364 
0.333640 0.359305 0.436299 
0.293981 0.440971 0.440971 
0.269482 0.465470 0.391974 
0.281678 0.435321 0.358500 
0.269831 0.431730 0.323798 
0.272963 0.409444 0.272963 
0.323989 0.373834 0.224300 
0.391720 0.368678 0.184339 
0.472347 0.343525 0.150292 
0.901262 0.327732 0.122899 
2.000000 0.340625 0.100184 
2.000000 0.341590 0.100468 
1.632202 0.351233 0.103304 
0.937992 0.370834 0.130883 
0.454175 0.400742 0.240445 
0.371697 0.424796 0.318597 
0.322423 0.446432 0.396828 
0.289428 0.458262 0.458262 
0.265309 0.410024 0.482381 
0.251415 0.351982 0.477689 
0.273732 0.273732 0.437972 
0.310639 0.232979 0.388299 
0.354891 0.189275 0.354891 
0.462301 0.154100 0.352230 
0.706358 0.124651 0.332404 
1.731832 0.100688 0.342339 
2.000000 0.100081 0.340274 
2.000000 0.101976 0.346720 
1.130188 0.127946 0.362513 
0.733877 0.160536 0.366938 
0.509690 0.229360 0.382267 
0.422006 0.281337 0.422006 
0.331053 0.381984 0.432916 
0.296320 0.419786 0.419786 
0.271626 0.469173 0.395093 
0.284320 0.439404 0.336015 
0.278243 0.417365 0.278243 
0.311383 0.389228 0.233537 
0.355477 0.355477 0.189588 
0.440772 0.352618 0.154270 
0.706833 0.332628 0.124735 
1.732323 0.342436 0.100716 
2.000000 0.340242 0.100071 
2.000000 0.346555 0.101928 
1.129195 0.362195 0.127833 
0.732898 0.366449 0.160321 
